1.207816e+22 1.663415e-31
2.013728e+21 1.967889e-30
1.918673e+21 2.103778e-30
1.828097e+21 2.249051e-30
1.741804e+21 2.404366e-30
1.663415e+21 2.564486e-30
1.584896e+21 2.741572e-30
1.510083e+21 2.930887e-30
1.438802e+21 3.126085e-30
1.370879e+21 3.334270e-30
1.306169e+21 3.564512e-30
1.247385e+21 3.801893e-30
1.188504e+21 4.064426e-30
1.132403e+21 4.335100e-30
1.078949e+21 4.623820e-30
1.028014e+21 4.931747e-30
9.817493e+20 5.248066e-30
9.354071e+20 5.597566e-30
8.912525e+20 5.956616e-30
8.491821e+20 6.353302e-30
8.090977e+20 6.760829e-30
7.709019e+20 7.194496e-30
7.362081e+20 7.655980e-30
7.014564e+20 8.147030e-30
6.683451e+20 8.669613e-30
6.367968e+20 9.225718e-30
6.067377e+20 9.817493e-30
5.780949e+20 1.044718e-29
5.520782e+20 1.111731e-29
5.260181e+20 1.183041e-29
5.011881e+20 1.258927e-29
4.775302e+20 1.342766e-29
4.549891e+20 1.428896e-29
4.345107e+20 1.520545e-29
4.140002e+20 1.618079e-29
3.944579e+20 1.721869e-29
3.758381e+20 1.836538e-29
3.580971e+20 1.954341e-29
3.411937e+20 2.079700e-29
3.258371e+20 2.218200e-29
3.104564e+20 2.365923e-29
2.958017e+20 2.517672e-29
2.818388e+20 2.679165e-29
2.685350e+20 2.857586e-29
2.558591e+20 3.047890e-29
2.443433e+20 3.243394e-29
2.328094e+20 3.459390e-29
2.218200e+20 3.689771e-29
2.113493e+20 3.935495e-29
2.013728e+20 4.197582e-29
1.918673e+20 4.477123e-29
1.832316e+20 4.786304e-29
1.745824e+20 5.140442e-29
1.663415e+20 5.520782e-29
1.584896e+20 5.956616e-29
1.513562e+20 6.441693e-29
1.442117e+20 6.998409e-29
1.374044e+20 7.603272e-29
1.309184e+20 8.279408e-29
1.247385e+20 9.036482e-29
1.188504e+20 9.862783e-29
1.132403e+20 1.078949e-28
1.081435e+20 1.183041e-28
1.030387e+20 1.294194e-28
9.817493e+19 1.422328e-28
9.354071e+19 1.559555e-28
8.912525e+19 1.713954e-28
8.511386e+19 1.879318e-28
8.109618e+19 2.060626e-28
7.726815e+19 2.259436e-28
7.362081e+19 2.477417e-28
7.014564e+19 2.710195e-28
6.683451e+19 2.971663e-28
6.382639e+19 3.243394e-28
6.081356e+19 3.539972e-28
5.794293e+19 3.863669e-28
5.520782e+19 4.216965e-28
5.260181e+19 4.591987e-28
5.011881e+19 4.988844e-28
4.786304e+19 5.432511e-28
4.560373e+19 5.902010e-28
4.345107e+19 6.397345e-28
4.140002e+19 6.934252e-28
3.944579e+19 7.516219e-28
3.767040e+19 8.147030e-28
3.589222e+19 8.830782e-28
3.419798e+19 9.571961e-28
3.258371e+19 1.037530e-27
3.104564e+19 1.122016e-27
2.958017e+19 1.213388e-27
2.824881e+19 1.312200e-27
2.691537e+19 1.419059e-27
2.564486e+19 1.531086e-27
2.443433e+19 1.651963e-27
2.328094e+19 1.782377e-27
2.218200e+19 1.918673e-27
2.118362e+19 2.065383e-27
2.018368e+19 2.223311e-27
1.923093e+19 2.393314e-27
1.832316e+19 2.576317e-27
1.745824e+19 2.766938e-27
1.667248e+19 2.971663e-27
1.588548e+19 3.191536e-27
1.513562e+19 3.419798e-27
1.442117e+19 3.664369e-27
1.374044e+19 3.917422e-27
1.309184e+19 4.197582e-27
1.250259e+19 4.487458e-27
1.191243e+19 4.786304e-27
1.135012e+19 5.116814e-27
1.081435e+19 5.445027e-27
1.030387e+19 5.807643e-27
9.840112e+18 6.180169e-27
9.375623e+18 6.576590e-27
8.933059e+18 6.998409e-27
8.511386e+18 7.430196e-27
8.109618e+18 7.888590e-27
7.726815e+18 8.356047e-27
7.379043e+18 8.851166e-27
7.030725e+18 9.354071e-27
6.698849e+18 9.885550e-27
6.382639e+18 1.042317e-26
6.081356e+18 1.099007e-26
5.794293e+18 1.156112e-26
5.533501e+18 1.213388e-26
5.272300e+18 1.273502e-26
5.023428e+18 1.333521e-26
4.786304e+18 1.389952e-26
4.560373e+18 1.448770e-26
4.345107e+18 1.510083e-26
4.149541e+18 1.566750e-26
3.953667e+18 1.625550e-26
3.767040e+18 1.678805e-26
3.589222e+18 1.733805e-26
3.419798e+18 1.790607e-26
3.265878e+18 1.840769e-26
3.111717e+18 1.892345e-26
2.964832e+18 1.945358e-26
2.824881e+18 1.995259e-26
2.691537e+18 2.041735e-26
2.564486e+18 2.089295e-26
2.449063e+18 2.137962e-26
2.333458e+18 2.182733e-26
2.223311e+18 2.228433e-26
2.118362e+18 2.275099e-26
2.018368e+18 2.317393e-26
1.927524e+18 2.360474e-26
1.836538e+18 2.409905e-26
1.749847e+18 2.454705e-26
1.667248e+18 2.506110e-26
1.588548e+18 2.558591e-26
1.513562e+18 2.618179e-26
1.445439e+18 2.679165e-26
1.377209e+18 2.735270e-26
1.312200e+18 2.798985e-26
1.250259e+18 2.864183e-26
1.191243e+18 2.924150e-26
1.135012e+18 2.992263e-26
1.083927e+18 3.054925e-26
1.032761e+18 3.126085e-26
9.840112e+17 3.191536e-26
9.375623e+17 3.258371e-26
8.933059e+17 3.334270e-26
8.530996e+17 3.404079e-26
8.128302e+17 3.483372e-26
7.744617e+17 3.556318e-26
7.379043e+17 3.639157e-26
7.030725e+17 3.715350e-26
6.698849e+17 3.801893e-26
6.397345e+17 3.881510e-26
6.095367e+17 3.971924e-26
5.807643e+17 4.064426e-26
5.533501e+17 4.149541e-26
5.272300e+17 4.246198e-26
5.023428e+17 4.355118e-26
4.797332e+17 4.466832e-26
4.570880e+17 4.581411e-26
4.355118e+17 4.709777e-26
4.149541e+17 4.841718e-26
3.953667e+17 4.988844e-26
3.775719e+17 5.140442e-26
3.597491e+17 5.308849e-26
3.427677e+17 5.482774e-26
3.265878e+17 5.662396e-26
3.111717e+17 5.861377e-26
2.971663e+17 6.067377e-26
2.831390e+17 6.295059e-26
2.697738e+17 6.531314e-26
2.570395e+17 6.776405e-26
2.449063e+17 7.046924e-26
2.333458e+17 7.311396e-26
2.223311e+17 7.620790e-26
2.123243e+17 7.925016e-26
2.023018e+17 8.260376e-26
1.927524e+17 8.609927e-26
1.836538e+17 8.974270e-26
1.749847e+17 9.375623e-26
1.671089e+17 9.772367e-26
1.592207e+17 1.020941e-25
1.517050e+17 1.066596e-25
1.445439e+17 1.114297e-25
1.377209e+17 1.166808e-25
1.312200e+17 1.218991e-25
1.253140e+17 1.276441e-25
1.193987e+17 1.339679e-25
1.137627e+17 1.402812e-25
1.083927e+17 1.472310e-25
1.032761e+17 1.545252e-25
9.862783e+16 1.618079e-25
9.397224e+16 1.698242e-25
8.953641e+16 1.782377e-25
8.530996e+16 1.874998e-25
8.128302e+16 1.967889e-25
7.744617e+16 2.065383e-25
7.396044e+16 2.167706e-25
7.046924e+16 2.275099e-25
6.714283e+16 2.387813e-25
6.397345e+16 2.506110e-25
6.095367e+16 2.630268e-25
5.807643e+16 2.766938e-25
5.546251e+16 2.904018e-25
5.284447e+16 3.040884e-25
5.035002e+16 3.191536e-25
4.797332e+16 3.349651e-25
4.570880e+16 3.507519e-25
4.355118e+16 3.672828e-25
4.159101e+16 3.854788e-25
3.962776e+16 4.036462e-25
3.775719e+16 4.226681e-25
3.597491e+16 4.425883e-25
3.427677e+16 4.634473e-25
3.273402e+16 4.864075e-25
3.118886e+16 5.093317e-25
2.971663e+16 5.345651e-25
2.831390e+16 5.610487e-25
2.697738e+16 5.902010e-25
2.576317e+16 6.208680e-25
2.454705e+16 6.531314e-25
2.338834e+16 6.902409e-25
2.228433e+16 7.277790e-25
2.123243e+16 7.709019e-25
2.023018e+16 8.165836e-25
1.927524e+16 8.649685e-25
1.840769e+16 9.204511e-25
1.753878e+16 9.794882e-25
1.671089e+16 1.042317e-24
1.592207e+16 1.114297e-24
1.517050e+16 1.191243e-24
1.445439e+16 1.276441e-24
1.380382e+16 1.367728e-24
1.315223e+16 1.468926e-24
1.315223e+16 1.468926e-24
1.253140e+16 1.581246e-24
1.193987e+16 1.706084e-24
1.137627e+16 1.840769e-24
1.086424e+16 1.986096e-24
1.035141e+16 2.147834e-24
9.862805e+15 2.328094e-24
9.862805e+15 2.328094e-24
9.397224e+15 2.523483e-24
8.953641e+15 2.735270e-24
8.550670e+15 2.964832e-24
8.147048e+15 3.221064e-24
7.762477e+15 3.499457e-24
7.396060e+15 3.810653e-24
7.046924e+15 4.140002e-24
6.714283e+15 4.508160e-24
6.412098e+15 4.897794e-24
6.109424e+15 5.333340e-24
5.821037e+15 5.807643e-24
5.546263e+15 6.324127e-24
5.284447e+15 6.902409e-24
5.035002e+15 7.516219e-24
4.808395e+15 8.184650e-24
4.581422e+15 8.912525e-24
4.365162e+15 9.727492e-24
4.159110e+15 1.059253e-23
3.962776e+15 1.156112e-23
3.784426e+15 1.258927e-23
3.605788e+15 1.370879e-23
3.435581e+15 1.496233e-23
3.288518e+15 1.618079e-23
3.133288e+15 1.761977e-23
2.985385e+15 1.923093e-23
2.844464e+15 2.094108e-23
2.710189e+15 2.285595e-23
2.588214e+15 2.483136e-23
2.466040e+15 2.697738e-23
2.466040e+15 2.697738e-23
2.349634e+15 2.930887e-23
2.238723e+15 3.176880e-23
2.133047e+15 3.443505e-23
2.037042e+15 3.732506e-23
1.940886e+15 4.036462e-23
1.849269e+15 4.355118e-23
1.761977e+15 4.709777e-23
1.678805e+15 5.081587e-23
1.603245e+15 5.470171e-23
1.527566e+15 5.888443e-23
1.455459e+15 6.324127e-23
1.386756e+15 6.807696e-23
1.321297e+15 7.294590e-23
1.258927e+15 7.816272e-23
1.202264e+15 8.336803e-23
1.145513e+15 8.891999e-23
1.091441e+15 9.462368e-23
1.039921e+15 1.004618e-22
9.908326e+14 1.064144e-22
9.440617e+14 1.122016e-22
9.015710e+14 1.180322e-22
8.590136e+14 1.238798e-22
8.184650e+14 1.297182e-22
7.798305e+14 1.355189e-22
7.430196e+14 1.409289e-22
7.079464e+14 1.465549e-22
6.760829e+14 1.524055e-22
6.441693e+14 1.577611e-22
6.137622e+14 1.633049e-22
5.847904e+14 1.690443e-22
5.571861e+14 1.741804e-22
5.321081e+14 1.794732e-22
5.069906e+14 1.849269e-22
4.830588e+14 1.896705e-22
4.602567e+14 1.945358e-22
4.385309e+14 1.990672e-22
4.178306e+14 2.032360e-22
3.990247e+14 2.070141e-22
3.801893e+14 2.108625e-22
3.622430e+14 2.142888e-22
3.451438e+14 2.177706e-22
3.288518e+14 2.208004e-22
3.140507e+14 2.238723e-22
2.992263e+14 2.264642e-22
2.851018e+14 2.296149e-22
2.716439e+14 2.322733e-22
2.588214e+14 2.349634e-22
2.466040e+14 2.382324e-22
2.355048e+14 2.409905e-22
2.243881e+14 2.443433e-22
2.137962e+14 2.471722e-22
2.037042e+14 2.506110e-22
1.940886e+14 2.546831e-22
1.849269e+14 2.582264e-22
1.766037e+14 2.624222e-22
1.682673e+14 2.666862e-22
1.603245e+14 2.716439e-22
1.527566e+14 2.766938e-22
1.455459e+14 2.824881e-22
1.389952e+14 2.890683e-22
1.324341e+14 2.958017e-22
1.261827e+14 3.040884e-22
1.202264e+14 3.126085e-22
1.145513e+14 3.228500e-22
1.091441e+14 3.334270e-22
1.042317e+14 3.459390e-22
9.931155e+13 3.605780e-22
9.462368e+13 3.767040e-22
9.015710e+13 3.944579e-22
8.590136e+13 4.149541e-22
8.184650e+13 4.365152e-22
7.816272e+13 4.613171e-22
7.447315e+13 4.875282e-22
7.095775e+13 5.164156e-22
6.760829e+13 5.470171e-22
6.441693e+13 5.807643e-22
6.151762e+13 6.165963e-22
5.861377e+13 6.546362e-22
5.584699e+13 6.950228e-22
5.321081e+13 7.396044e-22
5.069906e+13 7.870456e-22
4.830588e+13 8.356047e-22
4.613171e+13 8.891999e-22
4.395413e+13 9.462368e-22
4.187933e+13 1.006932e-21
3.990247e+13 1.071521e-21
3.801893e+13 1.140248e-21
3.622430e+13 1.213388e-21
3.459390e+13 1.291219e-21
3.296094e+13 1.374044e-21
3.140507e+13 1.465549e-21
2.992263e+13 1.559555e-21
2.851018e+13 1.659584e-21
2.722704e+13 1.766037e-21
2.594177e+13 1.879318e-21
2.471722e+13 1.999865e-21
2.355048e+13 2.128135e-21
2.243881e+13 2.259436e-21
2.137962e+13 2.398828e-21
2.041740e+13 2.546831e-21
1.945358e+13 2.703953e-21
1.853530e+13 2.864183e-21
1.766037e+13 3.033894e-21
1.682673e+13 3.213660e-21
1.603245e+13 3.404079e-21
1.531089e+13 3.597491e-21
1.458813e+13 3.801893e-21
1.389952e+13 4.008673e-21
1.324341e+13 4.226681e-21
1.261827e+13 4.456564e-21
1.202264e+13 4.698951e-21
1.148155e+13 4.931747e-21
1.093955e+13 5.188002e-21
1.042317e+13 5.445027e-21
9.931155e+12 5.701650e-21
9.462368e+12 5.956616e-21
9.036502e+12 6.208680e-21
8.609946e+12 6.456534e-21
8.203507e+12 6.714283e-21
7.816272e+12 6.950228e-21
7.447315e+12 7.177958e-21
7.112139e+12 7.396044e-21
6.776420e+12 7.603272e-21
6.456549e+12 7.816272e-21
6.151762e+12 8.016768e-21
5.861377e+12 8.222444e-21
5.584699e+12 8.413937e-21
5.333352e+12 8.609927e-21
5.081598e+12 8.790230e-21
4.841728e+12 8.994986e-21
4.613171e+12 9.183312e-21
4.395413e+12 9.375623e-21
4.187933e+12 9.571961e-21
3.999450e+12 9.749904e-21
3.810661e+12 9.954036e-21
3.630784e+12 1.013913e-20
3.459390e+12 1.035141e-20
3.296094e+12 1.054389e-20
3.140507e+12 1.076464e-20
2.999164e+12 1.096481e-20
2.857593e+12 1.116864e-20
2.722704e+12 1.140248e-20
2.594177e+12 1.161450e-20
