0.000000e+00 4.912000e-02 4.795172e-02
4.912000e-02 5.148000e-02 4.790376e-02
1.006000e-01 5.410000e-02 4.798508e-02
1.547000e-01 5.670001e-02 4.793615e-02
2.114000e-01 5.950001e-02 4.794860e-02
2.709000e-01 6.239998e-02 4.793175e-02
3.333000e-01 6.549999e-02 4.795765e-02
3.988000e-01 6.870002e-02 4.794556e-02
4.675000e-01 7.210001e-02 4.796238e-02
5.396000e-01 7.559997e-02 4.793613e-02
6.152000e-01 7.930005e-02 4.792895e-02
6.945000e-01 8.329999e-02 4.798893e-02
7.778000e-01 8.730000e-02 4.793803e-02
8.651000e-01 9.160000e-02 4.794471e-02
9.567000e-01 9.629995e-02 4.804273e-02
1.053000e+00 1.010001e-01 4.802447e-02
1.154000e+00 1.049999e-01 4.759561e-02
1.259000e+00 1.110001e-01 4.796774e-02
1.370000e+00 1.170000e-01 4.818720e-02
1.487000e+00 1.220000e-01 4.788983e-02
1.609000e+00 1.280000e-01 4.789543e-02
1.737000e+00 1.340001e-01 4.779799e-02
1.871000e+00 1.420000e-01 4.827584e-02
2.013000e+00 1.470001e-01 4.763579e-02
2.160000e+00 1.559999e-01 4.818718e-02
2.316000e+00 1.630001e-01 4.798569e-02
2.479000e+00 1.699998e-01 4.770822e-02
2.649000e+00 1.800001e-01 4.815053e-02
2.829000e+00 1.880000e-01 4.793167e-02
3.017000e+00 1.970000e-01 4.787697e-02
3.214000e+00 2.070000e-01 4.795360e-02
3.421000e+00 2.170000e-01 4.791733e-02
3.638000e+00 2.279999e-01 4.798899e-02
3.866000e+00 2.390001e-01 4.794822e-02
4.105000e+00 2.509999e-01 4.799696e-02
4.356000e+00 2.630000e-01 4.793629e-02
4.619000e+00 2.760000e-01 4.795083e-02
4.895000e+00 2.890000e-01 4.786078e-02
5.184000e+00 3.039999e-01 4.798899e-02
5.488000e+00 3.190002e-01 4.799721e-02
5.807000e+00 3.339996e-01 4.790128e-02
6.141000e+00 3.510003e-01 4.798300e-02
6.492000e+00 3.670001e-01 4.782360e-02
6.859000e+00 3.869996e-01 4.806881e-02
7.246000e+00 4.040003e-01 4.783112e-02
7.650000e+00 4.249997e-01 4.796403e-02
8.075000e+00 4.460001e-01 4.797652e-02
8.521000e+00 4.680004e-01 4.798464e-02
